26
8
홍길동
2023002011
10
10
40
40
100
A+
박민수
2022002021
10
10
40
40
100
A+
노민우
2023002604
10
10
40
40
100
A+
이수근
2021001701
10
10
35
30
85
B+
이성진
2011003703
10
10
30
30
80
B
노우민
2023011705
8
8
30
35
81
B
김연하
2022012802
10
10
25
30
75
C+
노우근
2023013804
7
8
40
35
90
A
채민석
2015021805
10
10
30
30
80
B
이서아
2020022805
10
10
30
30
80
B
안진영
2020023805
7
7
30
30
74
C
손동희
2016031805
10
7
30
35
82
B
정하윤
2023032805
10
8
30
30
78
C+
이지안
2019033805
10
8
35
30
83
B
김병헌
2019002603
10
8
30
35
83
B
김민하
2023001605
5
5
20
35
65
D+
김성철
2022003702
6
8
30
35
79
C+
김하민
2023011704
8
10
30
25
73
C
박민철
2022012801
10
8
30
30
78
C+
김하연
2019013803
8
7
30
30
75
C+
이서희
2019021805
10
10
35
30
85
B+
김수아
2023022805
7
5
30
30
72
C
류하린
2019023805
8
10
35
35
88
B+
남궁유진
2023031805
10
8
35
30
83
B
제갈민수
2020032805
10
8
30
30
78
C+
이준
2020033805
10
7
30
35
82
B
